P0 180 120 220 160
P1 180 160 220 240
P2 180 240 220 280
P3 220 220 260 260
P4 220 180 260 220
P5 220 140 260 180
P6 220 120 260 140
P7 220 260 260 280
P8 180 80 200 120
P9 200 80 240 120
P10 240 80 260 120
P11 180 280 200 340
P12 200 280 240 320
P13 240 280 260 340
P14 200 320 220 340
P15 220 320 240 340
P16 180 340 260 360
P17 180 60 220 80
P18 220 60 260 80
P19 160 40 280 60
P20 160 360 280 380
P21 260 60 300 360
P22 140 60 180 360
P23 300 60 320 80
P24 300 80 320 100
P25 300 100 320 120
P26 300 120 320 140
P27 300 140 320 160
P28 300 160 320 180
P29 320 140 340 180
P30 320 80 340 140
P31 320 60 360 80
P32 340 80 360 200
P33 300 180 340 200
P34 300 200 400 220
P35 360 220 400 360
P36 300 340 360 360
P37 320 220 340 340
P38 300 220 320 240
P39 300 240 320 260
P40 300 260 320 280
P41 300 280 320 300
P42 300 300 320 320
P43 300 320 320 340
P44 340 320 360 340
P45 340 300 360 320
P46 340 280 360 300
P47 340 260 360 280
P48 340 240 360 260
P49 340 220 360 240
P50 340 360 400 400
P51 300 360 340 420
P52 280 360 300 440
P53 80 380 280 440
P54 80 360 160 380
P55 40 280 140 360
P56 40 180 80 280
P57 80 180 140 220
P58 80 220 140 240
P59 80 240 120 280
P60 120 240 140 280
P61 360 160 380 200
P62 380 80 400 200
P63 360 140 380 160
P64 360 100 380 140
P65 360 40 380 100
P66 280 20 360 60
P67 360 20 520 40
P68 460 40 520 180
P69 380 40 460 80
P70 400 80 460 100
P71 400 100 460 140
P72 400 140 440 260
P73 440 140 460 300
P74 400 260 440 380
P75 440 300 580 320
P76 440 320 580 400
P77 400 380 440 480
P78 360 400 400 480
P79 340 400 360 460
P80 300 420 340 480
P81 340 460 360 500
P82 360 480 480 500
P83 440 400 480 480
P84 480 440 580 460
P85 520 420 580 440
P86 480 400 520 440
P87 520 400 540 420
P88 540 400 600 420
P89 580 240 600 400
P90 460 280 580 300
P91 500 240 580 280
P92 460 220 600 240
P93 460 240 500 280
P94 460 180 560 220
P95 560 20 600 220
P96 520 20 540 180
P97 540 160 560 180
P98 540 140 560 160
P99 540 120 560 140
P100 540 100 560 120
P101 540 60 560 100
P102 540 20 560 60
P103 600 20 660 560
P104 580 420 600 560
P105 480 460 580 560
P106 60 500 480 560
P107 20 40 40 560
P108 40 40 160 60
P109 40 60 140 100
P110 40 100 100 180
P111 100 160 140 180
P112 100 100 140 160
P113 40 460 60 560
P114 40 360 80 460
P115 60 460 180 500
P116 80 440 180 460
P117 180 440 200 480
P118 180 480 240 500
P119 200 440 240 480
P120 240 440 260 500
P121 260 440 300 500
P122 300 480 340 500
P123 660 440 700 560
P124 660 320 700 440
P125 660 240 700 320
P126 660 180 700 240
P127 660 100 700 180
P128 660 20 700 100
P129 700 60 740 140
P130 700 140 740 200
P131 700 200 740 260
P132 700 260 800 300
P133 740 120 800 260
P134 740 40 800 120
P135 700 20 740 60
P136 740 20 820 40
P137 800 40 820 300
P138 740 300 820 320
P139 700 300 740 400
P140 780 320 820 480
P141 700 400 780 440
P142 740 360 780 400
P143 740 320 760 360
P144 760 320 780 360
P145 700 440 780 500
P146 780 480 820 520
P147 760 520 820 560
P148 700 500 780 520
P149 700 520 760 560
P150 20 20 120 40
P151 120 20 180 40
P152 180 20 200 40
P153 200 20 220 40
P154 220 20 240 40
P155 240 20 260 40
P156 260 20 280 40
P157 820 20 860 560
P158 860 20 920 180
P159 860 180 1000 340
P160 860 360 880 600
P161 860 340 1000 360
P162 880 360 1000 500
P163 920 20 940 180
P164 940 20 1080 180
P165 1000 180 1020 620
P166 20 600 1000 620
P167 20 560 100 600
P168 100 560 200 600
P169 200 560 280 600
P170 280 560 380 580
P171 280 580 500 600
P172 380 560 400 580
P173 400 560 420 580
P174 420 560 440 580
P175 440 560 460 580
P176 460 560 500 580
P177 500 560 520 600
P178 520 560 600 600
P179 600 560 780 580
P180 600 580 800 600
P181 780 560 840 580
P182 840 560 860 600
P183 800 580 840 600
P184 1040 180 1080 220
P185 1020 180 1040 320
P186 1040 220 1060 280
P187 1060 220 1080 320
P188 1040 280 1060 380
P189 1060 320 1080 420
P190 1020 400 1060 420
P191 1020 320 1040 400
P192 1040 380 1060 400
P193 1020 420 1080 440
P194 880 500 1000 540
P195 880 540 940 600
P196 940 540 1000 560
P197 940 560 1000 600
P198 1020 460 1080 620
P199 1040 440 1100 460
P200 1020 440 1040 460
P201 1080 300 1100 440
P202 1080 140 1100 300
P203 1080 20 1100 100
P204 1080 100 1100 140
P205 1080 460 1100 500
P206 1080 500 1100 540
P207 1080 540 1100 640
P208 460 620 1080 640
P209 280 620 460 640
P210 60 620 280 640
P211 20 620 60 660
P212 60 640 1100 660
P213 700 660 1140 700
P214 660 660 700 700
P215 600 660 660 700
P216 560 660 600 700
P217 520 660 560 700
P218 460 660 520 700
P219 420 660 460 700
P220 380 660 420 700
P221 320 660 380 700
P222 260 660 320 700
P223 200 660 260 700
P224 200 700 340 720
P225 340 700 400 720
P226 400 700 460 720
P227 460 700 720 720
P228 80 680 200 720
P229 20 660 200 680
P230 20 680 40 720
P231 40 680 80 720
P232 720 700 860 720
P233 860 700 920 720
P234 920 700 980 720
P235 980 700 1040 720
P236 1040 700 1260 720
P237 1140 240 1260 700
P238 1100 280 1140 400
P239 1100 400 1140 480
P240 1100 480 1140 580
P241 1100 580 1140 660
P242 1100 200 1140 280
P243 1140 200 1260 240
P244 1100 120 1260 200
P245 1100 80 1180 120
P246 1180 40 1220 120
P247 1220 20 1260 120
P248 1140 20 1220 40
P249 1140 40 1180 80
P250 1100 20 1140 80
P251 1260 20 1280 720
P252 20 720 1320 740
P253 1280 20 1300 720
P254 1300 20 1320 720
P255 1320 20 1340 740
